import numpy as np
import matplotlib.pyplot as plt
from scipy.spatial.transform.rotation import Rotation

world_origin = (0, 0, 0)


def draw_axis(ax, position, rotation, label, arrow_length=0.1):
    x_arrow = arrow_length * np.array(rotation[0, :]) / np.linalg.norm(rotation[0, :])
    y_arrow = arrow_length * np.array(rotation[1, :]) / np.linalg.norm(rotation[1, :])
    z_arrow = arrow_length * np.array(rotation[2, :]) / np.linalg.norm(rotation[2, :])
    ax.quiver(*position, *x_arrow, color="red", arrow_length_ratio=0.1)
    ax.quiver(*position, *y_arrow, color="green", arrow_length_ratio=0.1)
    ax.quiver(*position, *z_arrow, color="blue", arrow_length_ratio=0.1)
    ax.text(*(position), f"{label}")
    # ax.text(*(position + y_arrow), f"{label}_y")
    # ax.text(*(position + z_arrow), f"{label}_z")


positions = [
    [
        -0.33688,
        0.04778,
        0.09725,
        [
            [6.00804371e-01, -7.99396089e-01, -9.78977862e-17],
            [-7.99396089e-01, -6.00804371e-01, -7.35773150e-17],
            [0.00000000e00, 1.22464680e-16, -1.00000000e00],
        ],
    ],
    [
        -0.33705,
        0.013620700000000006,
        0.09725,
        [
            [6.77978153e-01, -7.35082052e-01, -9.00215882e-17],
            [-7.35082052e-01, -6.77978153e-01, -8.30283775e-17],
            [-6.16297582e-33, 1.22464680e-16, -1.00000000e00],
        ],
    ],
    [
        -0.33722,
        -0.02053859999999999,
        0.09725,
        [
            [7.48786048e-01, -6.62811779e-01, -8.11710323e-17],
            [-6.62811779e-01, -7.48786048e-01, -9.16998437e-17],
            [0.00000000e00, 1.22464680e-16, -1.00000000e00],
        ],
    ],
    [
        -0.33739,
        -0.05469789999999998,
        0.09725,
        [
            [8.11152747e-01, -5.84834353e-01, -7.16215519e-17],
            [-5.84834353e-01, -8.11152747e-01, -9.93375615e-17],
            [-6.16297582e-33, 1.22464680e-16, -1.00000000e00],
        ],
    ],
    [
        -0.33756,
        -0.08885719999999998,
        0.09725,
        [
            [8.63814665e-01, -5.03809710e-01, -6.16988949e-17],
            [-5.03809710e-01, -8.63814665e-01, -1.05786786e-16],
            [0.00000000e00, 1.22464680e-16, -1.00000000e00],
        ],
    ],
    [
        -0.38192000000000004,
        0.031040350000000005,
        0.09725,
        [
            [6.47502013e-01, -7.62063739e-01, -9.33258919e-17],
            [-7.62063739e-01, -6.47502013e-01, -7.92961268e-17],
            [-6.16297582e-33, 1.22464680e-16, -1.00000000e00],
        ],
    ],
    [
        -0.38209000000000004,
        -0.003118949999999992,
        0.09725,
        [
            [7.12855051e-01, -7.01311398e-01, -8.58858758e-17],
            [-7.01311398e-01, -7.12855051e-01, -8.72995656e-17],
            [0.00000000e00, 1.22464680e-16, -1.00000000e00],
        ],
    ],
    [
        -0.38226000000000004,
        -0.037278249999999985,
        0.09725,
        [
            [7.72400126e-01, -6.35136241e-01, -7.77817565e-17],
            [-6.35136241e-01, -7.72400126e-01, -9.45917342e-17],
            [0.00000000e00, 1.22464680e-16, -1.00000000e00],
        ],
    ],
    [
        -0.38243000000000005,
        -0.07143754999999997,
        0.09725,
        [
            [8.24924636e-01, -5.65242731e-01, -6.92222702e-17],
            [-5.65242731e-01, -8.24924636e-01, -1.01024131e-16],
            [6.16297582e-33, 1.22464680e-16, -1.00000000e00],
        ],
    ],
    [
        -0.38260000000000005,
        -0.10559684999999999,
        0.09725,
        [
            [8.69748276e-01, -4.93495630e-01, -6.04357844e-17],
            [-4.93495630e-01, -8.69748276e-01, -1.06513444e-16],
            [-6.16297582e-33, 1.22464680e-16, -1.00000000e00],
        ],
    ],
    [
        -0.42696,
        0.04846,
        0.09725,
        [
            [6.22851065e-01, -7.82340432e-01, -9.58090705e-17],
            [-7.82340432e-01, -6.22851065e-01, -7.62772563e-17],
            [6.16297582e-33, 1.22464680e-16, -1.00000000e00],
        ],
    ],
    [
        -0.42713,
        0.014300700000000006,
        0.09725,
        [
            [6.83049472e-01, -7.30372110e-01, -8.94447866e-17],
            [-7.30372110e-01, -6.83049472e-01, -8.36494350e-17],
            [-6.16297582e-33, 1.22464680e-16, -1.00000000e00],
        ],
    ],
    [
        -0.4273,
        -0.01985859999999999,
        0.09725,
        [
            [7.39171458e-01, -6.73517302e-01, -8.24820808e-17],
            [-6.73517302e-01, -7.39171458e-01, -9.05223960e-17],
            [0.00000000e00, 1.22464680e-16, -1.00000000e00],
        ],
    ],
    [
        -0.42747,
        -0.05401789999999998,
        0.09725,
        [
            [7.90177424e-01, -6.12878160e-01, -7.50559277e-17],
            [-6.12878160e-01, -7.90177424e-01, -9.67688253e-17],
            [6.16297582e-33, 1.22464680e-16, -1.00000000e00],
        ],
    ],
    [
        -0.42764,
        -0.08817719999999998,
        0.09725,
        [
            [8.35335741e-01, -5.49740120e-01, -6.73237479e-17],
            [-5.49740120e-01, -8.35335741e-01, -1.02299124e-16],
            [0.00000000e00, 1.22464680e-16, -1.00000000e00],
        ],
    ],
    [
        -0.472,
        0.03172035000000001,
        0.09725,
        [
            [6.58101834e-01, -7.52928931e-01, -9.22072006e-17],
            [-7.52928931e-01, -6.58101834e-01, -8.05942305e-17],
            [6.16297582e-33, 1.22464680e-16, -1.00000000e00],
        ],
    ],
    [
        -0.47217,
        -0.002438949999999992,
        0.09725,
        [
            [7.10749793e-01, -7.03444903e-01, -8.61471549e-17],
            [-7.03444903e-01, -7.10749793e-01, -8.70417459e-17],
            [6.16297582e-33, 1.22464680e-16, -1.00000000e00],
        ],
    ],
    [
        -0.47234,
        -0.036598249999999985,
        0.09725,
        [
            [7.59618623e-01, -6.50368779e-01, -7.96472043e-17],
            [-6.50368779e-01, -7.59618623e-01, -9.30264515e-17],
            [-6.16297582e-33, 1.22464680e-16, -1.00000000e00],
        ],
    ],
    [
        -0.47251,
        -0.07075754999999997,
        0.09725,
        [
            [8.04029772e-01, -5.94589039e-01, -7.28161564e-17],
            [-5.94589039e-01, -8.04029772e-01, -9.84652487e-17],
            [0.00000000e00, 1.22464680e-16, -1.00000000e00],
        ],
    ],
    [
        -0.47268,
        -0.10491684999999998,
        0.09725,
        [
            [8.43528162e-01, -5.37084947e-01, -6.57739362e-17],
            [-5.37084947e-01, -8.43528162e-01, -1.03302406e-16],
            [-6.16297582e-33, 1.22464680e-16, -1.00000000e00],
        ],
    ],
    [
        -0.5170399999999999,
        0.04914,
        0.09725,
        [
            [6.37032023e-01, -7.70837338e-01, -9.44003479e-17],
            [-7.70837338e-01, -6.37032023e-01, -7.80139228e-17],
            [6.16297582e-33, 1.22464680e-16, -1.00000000e00],
        ],
    ],
    [
        -0.51721,
        0.014980700000000007,
        0.09725,
        [
            [6.86337989e-01, -7.27282727e-01, -8.90664464e-17],
            [-7.27282727e-01, -6.86337989e-01, -8.40521621e-17],
            [0.00000000e00, 1.22464680e-16, -1.00000000e00],
        ],
    ],
    [
        -0.51738,
        -0.01917859999999999,
        0.09725,
        [
            [7.32815002e-01, -6.80427934e-01, -8.33283892e-17],
            [-6.80427934e-01, -7.32815002e-01, -8.97439546e-17],
            [0.00000000e00, 1.22464680e-16, -1.00000000e00],
        ],
    ],
    [
        -0.51755,
        -0.05333789999999998,
        0.09725,
        [
            [7.75870713e-01, -6.30891937e-01, -7.72619791e-17],
            [-6.30891937e-01, -7.75870713e-01, -9.50167586e-17],
            [0.00000000e00, 1.22464680e-16, -1.00000000e00],
        ],
    ],
    [
        -0.51772,
        -0.08749719999999998,
        0.09725,
        [
            [8.15053183e-01, -5.79386148e-01, -7.09543392e-17],
            [-5.79386148e-01, -8.15053183e-01, -9.98152272e-17],
            [0.00000000e00, 1.22464680e-16, -1.00000000e00],
        ],
    ],
    [
        -0.0831,
        -0.2803,
        0.1629,
        [
            [8.78928755e-01, 4.76953083e-01, 5.84099067e-17],
            [4.76953083e-01, -8.78928755e-01, -1.07637729e-16],
            [-6.16297582e-33, 1.22464680e-16, -1.00000000e00],
        ],
    ],
    [
        -0.08299999999999999,
        -0.32855999999999996,
        0.1629,
        [
            [8.58757010e-01, 5.12383058e-01, 6.27488272e-17],
            [5.12383058e-01, -8.58757010e-01, -1.05167402e-16],
            [0.00000000e00, 1.22464680e-16, -1.00000000e00],
        ],
    ],
    [
        -0.08289999999999999,
        -0.37682,
        0.1629,
        [
            [8.42521603e-01, 5.38662555e-01, 6.59671373e-17],
            [5.38662555e-01, -8.42521603e-01, -1.03179138e-16],
            [-6.16297582e-33, 1.22464680e-16, -1.00000000e00],
        ],
    ],
    [
        -0.0828,
        -0.42508,
        0.1629,
        [
            [8.29256558e-01, 5.58868108e-01, 6.84416039e-17],
            [5.58868108e-01, -8.29256558e-01, -1.01554639e-16],
            [-6.16297582e-33, 1.22464680e-16, -1.00000000e00],
        ],
    ],
    [
        -0.0827,
        -0.47334,
        0.1629,
        [
            [8.18254556e-01, 5.74856053e-01, 7.03995625e-17],
            [5.74856053e-01, -8.18254556e-01, -1.00207282e-16],
            [0.00000000e00, 1.22464680e-16, -1.00000000e00],
        ],
    ],
    [
        -0.039869999999999996,
        -0.30583,
        0.1629,
        [
            [7.92583077e-01, 6.09763943e-01, 7.46745461e-17],
            [6.09763943e-01, -7.92583077e-01, -9.70634328e-17],
            [0.00000000e00, 1.22464680e-16, -1.00000000e00],
        ],
    ],
    [
        -0.03976999999999999,
        -0.35408999999999996,
        0.1629,
        [
            [7.81611715e-01, 6.23765282e-01, 7.63892157e-17],
            [6.23765282e-01, -7.81611715e-01, -9.57198284e-17],
            [0.00000000e00, 1.22464680e-16, -1.00000000e00],
        ],
    ],
    [
        -0.03966999999999999,
        -0.40235,
        0.1629,
        [
            [7.73076009e-01, 6.34313396e-01, 7.76809869e-17],
            [6.34313396e-01, -7.73076009e-01, -9.46745060e-17],
            [0.00000000e00, 1.22464680e-16, -1.00000000e00],
        ],
    ],
    [
        -0.03957,
        -0.45061,
        0.1629,
        [
            [7.66252120e-01, 6.42540029e-01, 7.86884590e-17],
            [6.42540029e-01, -7.66252120e-01, -9.38388206e-17],
            [6.16297582e-33, 1.22464680e-16, -1.00000000e00],
        ],
    ],
    [
        -0.03947,
        -0.49887,
        0.1629,
        [
            [7.60675110e-01, 6.49132789e-01, 7.94958392e-17],
            [6.49132789e-01, -7.60675110e-01, -9.31558338e-17],
            [0.00000000e00, 1.22464680e-16, -1.00000000e00],
        ],
    ],
    [
        0.003360000000000002,
        -0.2831,
        0.1629,
        [
            [6.98665209e-01, 7.15448759e-01, 8.76172032e-17],
            [7.15448759e-01, -6.98665209e-01, -8.55618112e-17],
            [0.00000000e00, 1.22464680e-16, -1.00000000e00],
        ],
    ],
    [
        0.0034600000000000047,
        -0.33136,
        0.1629,
        [
            [6.99685160e-01, 7.14451312e-01, 8.74950512e-17],
            [7.14451312e-01, -6.99685160e-01, -8.56867191e-17],
            [-6.16297582e-33, 1.22464680e-16, -1.00000000e00],
        ],
    ],
    [
        0.0035600000000000076,
        -0.37962,
        0.1629,
        [
            [7.00444877e-01, 7.13706504e-01, 8.74038386e-17],
            [7.13706504e-01, -7.00444877e-01, -8.57797577e-17],
            [0.00000000e00, 1.22464680e-16, -1.00000000e00],
        ],
    ],
    [
        0.0036599999999999966,
        -0.42788000000000004,
        0.1629,
        [
            [7.01032685e-01, 7.13129143e-01, 8.73331322e-17],
            [7.13129143e-01, -7.01032685e-01, -8.58517434e-17],
            [6.16297582e-33, 1.22464680e-16, -1.00000000e00],
        ],
    ],
    [
        0.0037599999999999995,
        -0.47614,
        0.1629,
        [
            [7.01501002e-01, 7.12668468e-01, 8.72767158e-17],
            [7.12668468e-01, -7.01501002e-01, -8.59090956e-17],
            [0.00000000e00, 1.22464680e-16, -1.00000000e00],
        ],
    ],
    [
        0.046590000000000006,
        -0.30862999999999996,
        0.1629,
        [
            [5.93637885e-01, 8.04732291e-01, 9.85512825e-17],
            [8.04732291e-01, -5.93637885e-01, -7.26996736e-17],
            [0.00000000e00, 1.22464680e-16, -1.00000000e00],
        ],
    ],
    [
        0.04669000000000001,
        -0.35688999999999993,
        0.1629,
        [
            [6.09406903e-01, 7.92857633e-01, 9.70970563e-17],
            [7.92857633e-01, -6.09406903e-01, -7.46308213e-17],
            [6.16297582e-33, 1.22464680e-16, -1.00000000e00],
        ],
    ],
    [
        0.04679000000000001,
        -0.40514999999999995,
        0.1629,
        [
            [6.21314701e-01, 7.83561129e-01, 9.59585628e-17],
            [7.83561129e-01, -6.21314701e-01, -7.60891060e-17],
            [0.00000000e00, 1.22464680e-16, -1.00000000e00],
        ],
    ],
    [
        0.04689,
        -0.45341,
        0.1629,
        [
            [6.30617153e-01, 7.76094071e-01, 9.50441119e-17],
            [7.76094071e-01, -6.30617153e-01, -7.72283278e-17],
            [-6.16297582e-33, 1.22464680e-16, -1.00000000e00],
        ],
    ],
    [
        0.046990000000000004,
        -0.50167,
        0.1629,
        [
            [6.38081102e-01, 7.69969160e-01, 9.42940267e-17],
            [7.69969160e-01, -6.38081102e-01, -7.81423979e-17],
            [0.00000000e00, 1.22464680e-16, -1.00000000e00],
        ],
    ],
    [
        0.08982,
        -0.2859,
        0.1629,
        [
            [4.62662770e-01, 8.86534354e-01, 1.08569146e-16],
            [8.86534354e-01, -4.62662770e-01, -5.66598481e-17],
            [-6.16297582e-33, 1.22464680e-16, -1.00000000e00],
        ],
    ],
    [
        0.08992,
        -0.33415999999999996,
        0.1629,
        [
            [4.99076052e-01, 8.66558189e-01, 1.06122771e-16],
            [8.66558189e-01, -4.99076052e-01, -6.11191889e-17],
            [0.00000000e00, 1.22464680e-16, -1.00000000e00],
        ],
    ],
    [
        0.09002,
        -0.38242,
        0.1629,
        [
            [5.26272823e-01, 8.50315774e-01, 1.04133649e-16],
            [8.50315774e-01, -5.26272823e-01, -6.44498328e-17],
            [0.00000000e00, 1.22464680e-16, -1.00000000e00],
        ],
    ],
    [
        0.09011999999999999,
        -0.43068,
        0.1629,
        [
            [5.47290929e-01, 8.36942435e-01, 1.02495887e-16],
            [8.36942435e-01, -5.47290929e-01, -6.70238084e-17],
            [0.00000000e00, 1.22464680e-16, -1.00000000e00],
        ],
    ],
    [
        0.09022,
        -0.47894,
        0.1629,
        [
            [5.63986744e-01, 8.25783842e-01, 1.01129354e-16],
            [8.25783842e-01, -5.63986744e-01, -6.90684560e-17],
            [6.16297582e-33, 1.22464680e-16, -1.00000000e00],
        ],
    ],
    [
        0.3269,
        0.0264,
        0.1365,
        [
            [-7.61731810e-01, 6.47892468e-01, 7.93439437e-17],
            [6.47892468e-01, 7.61731810e-01, 9.32852423e-17],
            [6.16297582e-33, 1.22464680e-16, -1.00000000e00],
        ],
    ],
    [
        0.325833333333,
        -0.01726666667,
        0.1365,
        [
            [-6.68697292e-01, 7.43534755e-01, 9.10567458e-17],
            [7.43534755e-01, 6.68697292e-01, 8.18917998e-17],
            [0.00000000e00, 1.22464680e-16, -1.00000000e00],
        ],
    ],
    [
        0.324766666666,
        -0.06093333334,
        0.1365,
        [
            [-5.64586740e-01, 8.25373742e-01, 1.01079131e-16],
            [8.25373742e-01, 5.64586740e-01, 6.91419344e-17],
            [6.16297582e-33, 1.22464680e-16, -1.00000000e00],
        ],
    ],
    [
        0.323699999999,
        -0.10460000001,
        0.1365,
        [
            [-4.55425999e-01, 8.90273643e-01, 1.09027077e-16],
            [8.90273643e-01, 4.55425999e-01, 5.57735991e-17],
            [0.00000000e00, 1.22464680e-16, -1.00000000e00],
        ],
    ],
    [
        0.322633333332,
        -0.14826666668,
        0.1365,
        [
            [-3.47243008e-01, 9.37775183e-01, 1.14844338e-16],
            [9.37775183e-01, 3.47243008e-01, 4.25250039e-17],
            [-1.23259516e-32, 1.22464680e-16, -1.00000000e00],
        ],
    ],
    [
        0.37206666667000005,
        0.007066666664999999,
        0.1365,
        [
            [-7.20406943e-01, 6.93551611e-01, 8.49355760e-17],
            [6.93551611e-01, 7.20406943e-01, 8.82244056e-17],
            [0.00000000e00, 1.22464680e-16, -1.00000000e00],
        ],
    ],
    [
        0.37100000000300004,
        -0.036600000005,
        0.1365,
        [
            [-6.34270105e-01, 7.73111527e-01, 9.46788558e-17],
            [7.73111527e-01, 6.34270105e-01, 7.76756854e-17],
            [0.00000000e00, 1.22464680e-16, -1.00000000e00],
        ],
    ],
    [
        0.36993333333600004,
        -0.080266666675,
        0.1365,
        [
            [-5.41091132e-01, 8.40963963e-01, 1.02988383e-16],
            [8.40963963e-01, 5.41091132e-01, 6.62645523e-17],
            [6.16297582e-33, 1.22464680e-16, -1.00000000e00],
        ],
    ],
    [
        0.36886666666900003,
        -0.123933333345,
        0.1365,
        [
            [-4.45080204e-01, 8.95490710e-01, 1.09665983e-16],
            [8.95490710e-01, 4.45080204e-01, 5.45066047e-17],
            [0.00000000e00, 1.22464680e-16, -1.00000000e00],
        ],
    ],
    [
        0.367800000002,
        -0.167600000015,
        0.1365,
        [
            [-3.50241368e-01, 9.36659482e-01, 1.14707704e-16],
            [9.36659482e-01, 3.50241368e-01, 4.28921970e-17],
            [0.00000000e00, 1.22464680e-16, -1.00000000e00],
        ],
    ],
    [
        0.41723333334,
        0.0314,
        0.1365,
        [
            [-7.58177956e-01, 6.52047688e-01, 7.98528114e-17],
            [6.52047688e-01, 7.58177956e-01, 9.28500206e-17],
            [-6.16297582e-33, 1.22464680e-16, -1.00000000e00],
        ],
    ],
    [
        0.416166666673,
        -0.012266666669999999,
        0.1365,
        [
            [-6.85966629e-01, 7.27633001e-01, 8.91093426e-17],
            [7.27633001e-01, 6.85966629e-01, 8.40066836e-17],
            [0.00000000e00, 1.22464680e-16, -1.00000000e00],
        ],
    ],
    [
        0.415100000006,
        -0.05593333334,
        0.1365,
        [
            [-6.06346660e-01, 7.95200432e-01, 9.73839664e-17],
            [7.95200432e-01, 6.06346660e-01, 7.42560497e-17],
            [0.00000000e00, 1.22464680e-16, -1.00000000e00],
        ],
    ],
    [
        0.414033333339,
        -0.09960000001,
        0.1365,
        [
            [-5.22110314e-01, 8.52877963e-01, 1.04447427e-16],
            [8.52877963e-01, 5.22110314e-01, 6.39400725e-17],
            [-6.16297582e-33, 1.22464680e-16, -1.00000000e00],
        ],
    ],
    [
        0.412966666672,
        -0.14326666668,
        0.1365,
        [
            [-4.36288060e-01, 8.99807051e-01, 1.10194582e-16],
            [8.99807051e-01, 4.36288060e-01, 5.34298776e-17],
            [0.00000000e00, 1.22464680e-16, -1.00000000e00],
        ],
    ],
    [
        0.46240000001000003,
        0.012066666665,
        0.1365,
        [
            [-7.25312328e-01, 6.88419949e-01, 8.43071287e-17],
            [6.88419949e-01, 7.25312328e-01, 8.88251421e-17],
            [6.16297582e-33, 1.22464680e-16, -1.00000000e00],
        ],
    ],
    [
        0.46133333334300003,
        -0.031600000005000004,
        0.1365,
        [
            [-6.57132230e-01, 7.53775319e-01, 9.23108532e-17],
            [7.53775319e-01, 6.57132230e-01, 8.04754882e-17],
            [0.00000000e00, 1.22464680e-16, -1.00000000e00],
        ],
    ],
    [
        0.460266666676,
        -0.075266666675,
        0.1365,
        [
            [-5.83721437e-01, 8.11953992e-01, 9.94356857e-17],
            [8.11953992e-01, 5.83721437e-01, 7.14852589e-17],
            [0.00000000e00, 1.22464680e-16, -1.00000000e00],
        ],
    ],
    [
        0.459200000009,
        -0.11893333334499999,
        0.1365,
        [
            [-5.07228577e-01, 8.61811563e-01, 1.05541477e-16],
            [8.61811563e-01, 5.07228577e-01, 6.21175853e-17],
            [-6.16297582e-33, 1.22464680e-16, -1.00000000e00],
        ],
    ],
    [
        0.458133333342,
        -0.162600000015,
        0.1365,
        [
            [-4.29869590e-01, 9.02890988e-01, 1.10572256e-16],
            [9.02890988e-01, 4.29869590e-01, 5.26438417e-17],
            [6.16297582e-33, 1.22464680e-16, -1.00000000e00],
        ],
    ],
    [
        0.5075666666800001,
        0.0364,
        0.1365,
        [
            [-7.55875503e-01, 6.54715377e-01, 8.01795090e-17],
            [6.54715377e-01, 7.55875503e-01, 9.25680515e-17],
            [-6.16297582e-33, 1.22464680e-16, -1.00000000e00],
        ],
    ],
    [
        0.506500000013,
        -0.00726666667,
        0.1365,
        [
            [-6.96890327e-01, 7.17177713e-01, 8.78289391e-17],
            [7.17177713e-01, 6.96890327e-01, 8.53444508e-17],
            [0.00000000e00, 1.22464680e-16, -1.00000000e00],
        ],
    ],
    [
        0.505433333346,
        -0.05093333334,
        0.1365,
        [
            [-6.32646367e-01, 7.74440814e-01, 9.48416464e-17],
            [7.74440814e-01, 6.32646367e-01, 7.74768348e-17],
            [6.16297582e-33, 1.22464680e-16, -1.00000000e00],
        ],
    ],
    [
        0.504366666679,
        -0.09460000001,
        0.1365,
        [
            [-5.64634517e-01, 8.25341058e-01, 1.01075129e-16],
            [8.25341058e-01, 5.64634517e-01, 6.91477854e-17],
            [0.00000000e00, 1.22464680e-16, -1.00000000e00],
        ],
    ],
    [
        0.503300000012,
        -0.13826666667999998,
        0.1365,
        [
            [-4.94528367e-01, 8.69161489e-01, 1.06441584e-16],
            [8.69161489e-01, 4.94528367e-01, 6.05622581e-17],
            [-6.16297582e-33, 1.22464680e-16, -1.00000000e00],
        ],
    ],
]


fig = plt.figure(figsize=(10, 10))
ax = fig.add_subplot(111, projection="3d")
draw_axis(ax, world_origin, np.eye(3), "W")

i = 0
ARROW_SIZE = 2e-2
for p in positions:
    # Rot matrix
    draw_axis(ax, p[:3], np.array(p[3]), f"P{i%25 +1}", ARROW_SIZE)
    i += 1

WORKSPACE = 0.6
DX = 0
DY = 0
ax.axes.set_xlim3d(left=-WORKSPACE + DX, right=WORKSPACE + DX)
ax.axes.set_ylim3d(bottom=-WORKSPACE + DY, top=WORKSPACE + DY)
ax.axes.set_zlim3d(bottom=-WORKSPACE, top=WORKSPACE)
plt.show()
